지점번호,경도(degree),위도(degree),노장해발고도(m),지점명(한글),예보구역코드,법정동코드
90,128.56472,38.25085,18.06,속초,11D20401,4282033035
92,128.6667,38.0667,75.4,양양(공),11D20400,4283032021
95,127.3042,38.14788,153.7,철원,11D10101,4278025624
96,131.86983,37.23952,96.15,독도,11E00102,4794025027
98,127.06069,37.90186,109.06,동두천,11B20401,4125010300
99,126.76649,37.88588,29.42,파주,11B20305,4148025025
100,128.71833,37.67713,772.57,대관령,11D20201,4276037025
101,127.7357,37.90256,77.71,춘천,11D10301,4211011800
102,124.63046,37.96611,144.86,백령,11A00101,2872033024
104,128.8554,37.8046,78.9,북강릉,11D20501,4215036027
105,128.89098,37.75147,26.04,강릉,11D20501,4215010700
106,129.12433,37.50708,39.91,동해,11D20601,4217010400
108,126.96579,37.57141,85.8,서울,11B10101,1111017800
110,126.7756,37.5683,11.38,김포(공),11B10100,1150010800
112,126.6249,37.4777,71.43,인천,11B20201,2811013700
113,126.4392,37.4625,7.1,인천(공),11B20200,2811014700
114,127.9466,37.3376,148.6,원주,11D10401,4213010600
115,130.89864,37.48129,222.8,울릉도,11E00101,4794025024
116,126.96401,37.44525,622.38,관악(레),11B10100,4129010700
119,126.9853,37.2723,34.06,수원,11B20601,4111310800
121,128.45743,37.18126,240.6,영월,11D10501,4275025022
127,127.95266,36.97038,115.12,충주,11C10101,4313012200
129,126.49391,36.77661,28.91,서산,11C20101,4421010600
130,129.41278,36.99176,50,울진,11H10101,4793025023
131,127.44066,36.63924,57.16,청주,11C10301,4311311400
133,127.37212,36.372,68.94,대전,11C20401,3020012400
135,127.99457,36.22023,244.73,추풍령,11C10401,4374033521
136,128.70732,36.57293,140.1,안동,11H10501,4717012900
137,128.15743,36.40838,96.17,상주,11H10302,4725011000
138,129.37963,36.03259,2.28,포항,11H10201,4711110400
140,126.76135,36.0053,23.2,군산,21F10501,4513013800
143,128.6522,35.8782,49,대구,11H10700,2714010300
146,127.1172,35.8408,61.4,전주,11F10201,4511310600
151,129.3522222,35.59333333,12.6,울산(공),11H20100,3120012600
152,129.3344,35.5826,82,울산,11H20101,3111011400
155,128.57285,35.1702,37.15,창원,11H20301,4812552000
156,126.89158,35.17294,72.38,광주,11F20501,2917010900
159,129.03203,35.10468,69.56,부산,11H20201,2611011600
160,128.99996,35.11881,518.46,부산(레),11H20200,2614010600
162,128.4356,34.84546,32.67,통영,11H20401,4822010900
163,126.3830556,34.99138888,10.9,무안(공),21F20800,4684035023
165,126.38121,34.81689,38,목포,21F20801,4611010300
167,127.6125,34.84666667,17.9,여수(공),11F20400,4613032028
168,127.74064,34.73929,64.64,여수,11F20401,4613010500
169,125.45103,34.68719,76.49,흑산도,11F20701,4691036022
170,126.70184,34.39587,35.24,완도,11F20301,4689031022
172,126.599,35.3489,52,고창,21F10601,4579038025
174,127.3694,35.0204,165,순천,11F20600,4615025025
175,126.32379,34.47212,476.47,진도(첨찰산),21F20201,4690033021
177,126.68766,36.65745,20,홍성(예),11C20104,4480031025
182,126.5,33.51666667,26.5,제주(공),11G00200,4911010900
184,126.52968,33.51411,20.45,제주,11G00201,4911010700
185,126.16283,33.29382,74.29,고산,11G00501,4971031023
188,126.88021,33.38678,17.75,성산,11G00101,4972025927
189,126.56534,33.24613,48.96,서귀포,11G00401,4913010100
192,128.04002,35.16379,30.21,진주,11H20701,4817012600
201,126.44634,37.70739,47.01,강화,11B20101,2871032027
202,127.49447,37.48857,47.98,양평,11B20503,4183025021
203,127.4842,37.26398,78.01,이천,11B20701,4150025328
211,128.16713,38.05987,200.16,인제,11D10201,4281025022
212,127.88042,37.6836,140.92,홍천,11D10302,4272025029
216,128.98928,37.17031,712.82,태백,11D20301,4219010100
217,128.6461,37.3813,307.4,정선군,11D10502,4277025022
221,128.19431,37.15927,263.61,제천,11C10201,4315011200
226,127.73412,36.48759,174.99,보은,11C10302,4372025030
229,125.55951,36.62542,103.56,격렬,11C20100,4482533029
232,127.2927,36.7624,81.5,천안,11C20301,4413037022
235,126.55741,36.32721,15.49,보령,11C20201,4418010900
236,126.92081,36.27236,11.33,부여,11C20501,4476025033
238,127.48175,36.10562,170.35,금산,11C20601,4471025025
243,126.71655,35.72954,11.96,부안,21F10602,4580033021
244,127.28556,35.61227,247.87,임실,11F10402,4575025022
245,126.86611,35.56317,44.58,정읍,11F10203,4518010300
247,127.3967,35.4023,127.48,남원,11F10401,4519011600
248,127.52029,35.65695,406.49,장수,11F10301,4574025023
251,126.697,35.4266,54,고창군,21F10601,4579025030
252,126.47779,35.283671,37.2,영광군,21F20102,4687034030
253,128.89301,35.22666,59.34,김해시,11H20300,4825010300
254,127.1286,35.3714,127,순창군,11F10403,4577025026
255,128.6275,35.2264,46.77,북창원,11H20301,4811012100
257,129.02,35.3072,14.85,양산시,11H20102,4833031027
258,127.2123,34.7633,2.8,보성군,11F20404,4678038023
259,126.7689,34.6261,12.5,강진군,11F20303,4681025027
260,126.91949,34.68875,45.02,장흥,11F20304,4680025043
261,126.56897,34.55359,13.01,해남,11F20302,4682025034
262,127.27571,34.61824,53.12,고흥,11F20403,4677025029
263,128.2881,35.3226,14.18,의령군,11H20600,4872025024
264,127.7454,35.5114,151.2,함양군,11H20502,4887025022
266,127.691,34.943,80.9,광양시,11F20402,4623010600
268,126.2585,34.4731,5.4,진도군,21F20201,4690025025
271,128.91454,36.94355,322,봉화,11H10402,4792034021
272,128.51696,36.87188,210.79,영주,11H10401,4721025021
273,128.14877,36.62727,170.61,문경,11H10301,4728010800
276,129.0423,36.4321,206.23,청송군,11H10503,4775025000
277,129.40936,36.53331,42.12,영덕,11H10102,4777036030
278,128.68863,36.35611,81.81,의성,11H10502,4773025031
279,128.32054,36.13055,48.88,구미,11H10602,4719010800
281,128.95141,35.97743,93.6,영천,11H10702,4723010200
283,129.2009092,35.81746056,37.64,경주시,11H10202,4713011300
284,127.909,35.6674,225.95,거창,11H20502,4888025028
285,128.16986,35.56503,33.1,합천,11H20503,4889025021
288,128.7441,35.49148,11.21,밀양,11H20601,4827010200
289,127.8791,35.41299,138.07,산청,11H20703,4886025023
294,128.60453,34.88818,46.27,거제,11H20403,4831025021
295,127.92641,34.81663,44.95,남해,11H20405,4884031021
300,126.31534,35.85837,48.45,말도,21F10500,4513039030
301,126.118,35.0859,6,임자도,21F20800,4691032027
302,126.1592,34.6647,19,장산도,21F20800,4691039021
303,125.1264,34.0522,22,가거도,11F20700,4691036032
304,126.8485,34.318,21,신지도,11F20300,4689032024
305,126.92009,33.98622,35.38,여서도,11F20300,4689035033
306,127.80083,34.43166,3.05,소리도,11F20400,4613034026
308,126.0731,34.687,5.6,옥도,21F20800,4691037027
310,129.265,37.3246,14,궁촌,11D20603,4223031030
311,128.0867,35.78919,595.71,가야산,11H20500,4889033034
312,129.1414,36.393,264,주왕산,11H10500,4775031034
313,128.75139,34.89335,54.65,양지암,11H20400,4831010100
314,127.74312,35.86621,1518.32,덕유봉,11F10300,4573032029
315,127.51079,35.30673,1088.86,성삼재,11F20600,4673037026
316,126.99743,35.11437,911.82,무등산,11F20500,2911012000
317,127.1142,35.7295,101.3,모악산,11F10200,4571035025
318,128.6704,37.6434,770,용평,11D20200,4276037027
319,130.87461,37.54075,30.35,천부,11E00100,4794032024
320,128.31372,38.33101,1262.62,향로봉,11D20100,4281032024
321,128.19631,38.11468,253.72,원통,11D20100,4281032021
322,127.66984,38.21552,263.76,상서,11D10100,4279033028
323,127.553,38.27469,291.41,마현,11D10100,4278032026
324,128.0745,36.9101,141,송계,11C10200,4315035028
325,128.0253,37.1445,230,백운,11C10200,4315036021
326,127.6112,37.5455,190.2,용문산,11B20500,4183040029
327,127.51199,36.65026,127.48,우암산,11C10300,4311112200
328,126.40608,33.24945,60.88,중문,11G00400,4913011900
329,126.56521,33.44711,374.66,아라,11G00200,4911011700
330,126.4501,33.2727,226,회수,11G00400,4913011400
351,126.9789,37.8953,135,남면,11B20300,4163032021
352,126.9436,37.7156,163,장흥면,11B20300,4163034025
353,127.0683,37.8414,88,덕정동,11B20300,4163011000
354,127.06234,36.9652,37,팽성읍,11B20600,4122025021
355,127.0364,37.1136,39,서탄면,11B20600,4122032021
356,127.0183,37.0481,32,고덕면,11B20600,4122033031
357,126.9817,37.0133,26,오성면,11B20600,4122034021
358,126.9214,36.9672,35,현덕면,11B20600,4122037025
359,127.1592,37.8542,114,선단동,11B20400,4165010400
360,127.2283,37.7861,119,내촌면,11B20400,4165032024
361,127.2447,38.0053,85,영중면,11B20400,4165036021
364,127.1189,37.3828,61,분당구,11B20600,4113510200
365,126.8953,37.4089,42,석수동,11B20600,4117110200
366,126.9753,37.355,114,오전동,11B20600,4143010500
367,126.7844,37.4061,26,신현동,11B20200,4139010400
368,127.1503,37.5992,49,수택동,11B20500,4131010500
369,126.9169,37.3642,124,수리산길,11B20600,4141010400
370,127.25,37.1789,241,이동묵리,11B20612,4146035027
371,127.1164,37.2772,121,기흥구,11B20612,4146025022
372,127.0267,37.8722,108,은현면,11B20304,4163031022
373,127.0458,37.7706,163,남방,11B20304,4163010300
374,126.9706,37.0467,50.4,청북,11B20606,4122035028
375,126.9875,37.7919,150,백석읍,11B20300,4163025022
400,127.04699,37.5134,59.58,강남,11B10100,1168010500
401,127.01562,37.48891,35.53,서초,11B10100,1165010800
402,127.14498,37.55551,56.9,강동,11B10100,1174010200
403,127.0967,37.51151,53.62,송파,11B10100,1171010100
404,126.84253,37.54992,79.1,강서,11B10100,1150010300
405,126.87819,37.52961,9.73,양천,11B10100,1147010200
406,127.02946,37.66612,55.5,도봉,11B10100,1132010600
407,127.09683,37.62101,52.05,노원,11B10100,1135010300
408,127.06036,37.58463,49.38,동대문,11B10100,1123010400
409,127.08682,37.5855,40.21,중랑,11B10100,1126010100
410,126.91809,37.49371,33.8,기상청,11B10100,1159010900
411,126.90277,37.55174,25.49,마포,11B10100,1144012300
412,126.94076,37.57046,100.63,서대문,11B10100,1141011400
413,127.0875,37.531,38,광진,11B10100,1121510500
414,126.99943,37.61172,125.93,성북,11B10100,1129013300
415,126.97609,37.52037,32.62,용산,11B10100,1117012900
416,126.9453,37.6444,70,은평,11B10100,1138011100
417,126.90015,37.46551,41.48,금천,11B10100,1154510200
418,126.93906,37.5249,10.66,한강,11B10100,1156011000
419,126.98736,37.55237,266.44,중구,11B10100,1114014200
421,127.03884,37.5472,33.71,성동,11B10100,1120011400
422,126.984,37.603,332.6,북악산,11B10100,1111018300
423,126.8265,37.49418,53.47,구로,11B10100,1153010900
424,127.02572,37.6397,55.68,강북,11B10100,1130510300
425,126.986,37.463,87.08,남현,11B10100,1162010300
430,127.0118333,37.27183333,103,경기,11B20600,4111513600
431,127.0739444,37.74602778,67,신곡,11B20300,4115010400
432,127.0378611,37.25511111,58,인계,11B20600,4111511400
433,126.7665833,37.49758333,29,부천,11B20204,4119510800
434,126.9589167,37.39158333,96,안양,11B20602,4117300000
435,126.8211944,37.32430556,32,고잔,11B20200,4127310100
436,127.1892778,37.23138889,123,역삼,11B20600,4146010200
437,126.8664722,37.47577778,68,광명,11B10103,4121010200
438,126.9374722,37.35872222,97,군포,11B20610,4141010500
439,127.0377778,37.20605556,66,진안,11B20604,4159025021
440,127.4423889,37.275,168,설봉,11B20700,4150010300
441,126.7047222,37.64683333,32,김포,11B20102,4157010300
442,127.2878333,37.41605556,53,지월,11B20700,4161025329
443,127.2919444,37.01972222,90,보개,11B20600,4155031029
444,127.2155556,37.53591667,37,하남,11B20504,4145010600
445,126.9709444,37.34172222,94,의왕,11B20609,4143010100
446,127.0657778,37.13738889,32,남촌,11B20600,4137010100
447,127.6812778,37.32622222,72,북내,11B20700,4167036021
448,127.4451667,37.39877778,131,산북,11B20700,4167038021
449,127.4522222,37.50727778,44,옥천,11B20500,4183034021
450,126.8333611,37.6555,50,주교,11B20300,4128110100
451,127.1529722,37.61069444,34,오남,11B20500,4136026221
452,127.2285286,37.9312975,109,신북,11B20400,4165034022
453,126.8983333,37.44,37,소하,11B10100,4121010400
454,127.0696111,37.97125,91,하봉암,11B20400,4125011000
455,127.512,37.82822222,92,읍내,11B20400,4182025021
456,127.0778056,38.09361111,82,연천,11B20400,4180025021
457,127.1941806,37.52202222,52,춘궁,11B20500,4145011800
458,127.3057806,37.47469444,48,퇴촌,11B20700,4161034026
459,127.1967556,37.345475,89,오포,11B20700,4161025024
460,127.4039389,37.36640278,182,실촌,11B20700,4161025627
461,127.3601111,37.24611111,88,마장,11B20700,4150034021
462,127.4823056,37.16913889,84,모가,11B20700,4150036021
463,127.5412417,37.3327,57,흥천,11B20700,4167032000
464,127.6625722,37.20612778,86,점동,11B20700,4167031021
465,127.5451083,37.20171944,85,가남,11B20700,4167025021
466,127.533325,37.39278889,60,금사,11B20700,4167033021
467,127.1944778,37.05979167,55,양성,11B20600,4155036021
468,127.2592222,36.94306944,63,서운,11B20600,4155033021
469,127.4770111,37.0906,95,일죽,11B20600,4155039028
470,127.2633861,37.08270833,68,고삼,11B20600,4155042024
471,127.0648972,37.06644167,74,송탄,11B20600,4122010100
472,126.8534889,36.98447778,25,포승,11B20200,4122036022
473,127.1861361,37.84861389,130,가산,11B20400,4165033021
474,127.27225,38.08660556,148,영북,11B20400,4165039021
475,127.2511972,38.15774722,197,관인,11B20400,4165040024
476,127.2904314,37.90134222,151.84,화현,11B20400,4165041021
477,127.0439528,37.90553056,80,상패,11B20400,4125011200
478,127.0148889,38.05586111,36,왕징,11B20400,4180035021
479,126.8863056,37.97905556,29,장남,11B20400,4180038021
480,126.9949444,38.04469444,35,미산,11B20400,4180034024
481,126.7160889,37.80241389,37,탄현,11B20300,4148032027
482,126.8512417,37.77626667,53,광탄,11B20300,4148035027
483,126.7870639,37.92596944,35,진동,11B20300,4148040021
484,127.3164778,37.64657222,128,창현,11B20500,4136025628
485,127.4946917,37.67618889,83,신천,11B20400,4182031021
486,127.4143944,37.73474722,61,외서,11B20400,4182032021
487,126.5838672,37.646345,42,대곶,11B20100,4157034000
488,126.7411667,37.21497222,43,송산,11B20200,4159034023
489,126.7109167,37.16375,25,서신,11B20200,4159035029
490,127.11,38.0244444,72,초성리,11B20400,4180032021
491,127.0208333,38.0822222,39,군남,11B20400,4180031023
492,126.8575,37.4217,36.4,학온동,11B10100,4121010700
495,127.18868,36.96127,25.03,하개정,11B20600,4155034023
496,127.2688,36.4585,30.3,세종금남,11C20400,3611034040
497,128.85145,37.57516,658.15,삽당령,11D20200,4215032025
498,128.51447,37.87925,1015.08,구룡령,11D20200,4272039023
499,127.0191,38.13586,54.66,중면,11B20400,4180037021
500,126.4201,37.6317,29,양도,11B20100,2871035027
501,125.70228,37.66439,13,대연평,11A00102,2872038021
502,126.28289,37.78436,41.91,교동,11B20100,2871040021
503,126.7116,37.912,17.3,도라산,11B20300,4148039024
504,127.1808,37.8704,103,포천,11B20403,4165010300
505,127.34543,37.82435,168.53,하면,11B20400,4182034021
506,126.7841,37.7657,56,금촌,11B20303,4148010200
507,127.1433,38.025,80,창수,11B20400,4165035025
508,126.361,37.467,124,왕산,11B20200,2811014900
509,126.95014,37.45284,145.13,관악,11B10100,1162010200
510,126.90705,37.52706,24.41,영등포,11B10100,1156011700
511,126.69047,37.55497,45.17,공촌동,11B20200,2826010500
512,126.66207,37.39684,9.06,남동공단,11B20200,2818510500
513,126.15,37.2167,203,덕적도,11B20200,2872035022
514,126.58063,37.24551,32.79,대부도,11B20200,4127013200
515,126.7737,37.0845,8,운평,11B20200,4159025623
516,127.25,37.0038,26,안성,11B20611,4155012200
517,128.47449,38.38537,5.31,간성,11D20402,4282025022
518,128.1397,38.2847,448,해안,11D10200,4280034021
519,127.5297,38.0753,302,사내,11D10100,4279034021
520,128.5177,38.1671,135,설악동,11D20100,4221011200
521,128.60261,38.14377,13.39,강현,11D20403,4283035038
522,127.9838,37.7871,187,화촌,11D10300,4272031025
523,128.8211,37.8983,10,주문진,11D20500,4215025021
524,128.92306,37.78706,3.33,강문,11D20500,4215011300
525,128.377,37.612,547.9,봉평,11D10500,4276034021
526,128.39461,37.37787,303.18,평창,11D10503,4276025042
527,128.6423,37.2115,392,신동,11D10502,4277025921
528,124.7207,37.9788,45,백령면,11A00100,2872033021
529,129.2858,37.1413,36,원덕,11D20600,4223025332
530,130.8118,37.515,178,태하,11E00100,4794031026
531,127.55022,37.88558,106.63,가평,11B20404,4182035021
532,127.075,37.735,72,의정부,11B20301,4115010500
533,127.4361,37.3236,103,신둔,11B20700,4150031000
534,127.6106,37.121,87.29,장호원,11B20700,4150025023
535,128.18265,37.71701,312.87,서석,11D10300,4272034021
536,127.97241,37.48761,110.52,횡성,11D10402,4273025022
537,128.8459,37.4832,488,임계,11D20300,4277035026
538,127.10301,38.17254,82.18,신서,11B20400,4180036022
539,127.3679,38.022,143.8,이동,11B20400,4165038021
540,126.8917,37.6343,100,고양,11B20302,4128111300
541,127.1493,37.6528,28,남양주,11B20502,4136037021
542,127.38016,37.68412,41.42,청평,11B20400,4182032024
543,126.54958,37.49901,23.91,영종도,11B20200,2811014600
544,126.6534,37.2006,8,전곡항,11B20200,4159035021
545,126.83873,37.28036,5.58,안산,11B20203,4127010300
546,127.2614,37.4325,119,광주,11B20702,4161010300
547,127.75488,37.41593,109.97,양동,11B20500,4183038021
548,127.63955,37.26883,115.88,여주,11B20703,4167011500
549,127.2249,37.2716,84.36,용인,11B20612,4146031023
550,127.0487,37.188,40.2,오산,11B20603,4137011100
551,127.11237,36.99223,36.49,평택,11B20606,4122011800
552,127.4246,38.2723,246,김화,11D10100,4278025321
553,128.42865,38.50375,30.3,대진,11D20400,4282031021
554,128.43712,38.21439,770.48,미시령,11D20100,4282033033
555,127.7026,38.0964,113,화천,11D10102,4279032025
556,127.98526,38.09798,188.88,양구,11D10202,4280025032
557,128.3186,37.9526,336.51,기린,11D20100,4281033021
558,127.7007139,37.68576583,92.35,팔봉,11D10300,4272037023
559,128.3973,37.778,574.54,내면,11D20200,4272039021
560,128.5645,37.6479,540.68,진부,11D20202,4276036000
561,128.15275,37.5822,222.02,청일,11D10400,4273035024
562,128.2695,37.2754,283,주천,11D10500,4275036021
563,128.6829,37.4634,358,북평,11D10500,4277034021
565,126.7784,37.3916,7,시흥,11B20202,4139013000
566,128.8182,37.8514,10,연곡,11D20500,4215037024
567,126.9318,37.95332,70.34,적성,11B20303,4148037024
568,127.3135,37.95868,145,일동,11B20400,4165037023
569,127.1569,37.5823,24,구리,11B20501,4131010700
570,126.6424,37.6232,35,금곡,11B20200,2826011800
571,126.82012,37.1956,54.63,화성,11B20200,4159010100
572,127.12472,37.42094,28.72,성남,11B20605,4113310600
573,127.7139,37.5565,120,청운,11B20500,4183037021
574,127.5901,37.3694,40,대신,11B20700,4167035038
575,127.188,37.106,48,이동,11B20600,4146035022
576,127.37547,37.16338,111.98,백암,11B20600,4146037021
577,126.33654,37.53411,10.38,장봉도,11B20200,2872031024
578,126.2664,36.3011,10,호도,11C20200,4418032029
579,128.9129,37.3666,615,하장,11D20300,4223032025
580,129.0288,37.6135,48,옥계,11D20500,4215035021
581,128.7742,37.1164,420,상동,11D10500,4275025321
582,128.0799,37.2314,330.28,신림,11D10400,4213039021
583,128.1551,37.4646,530,안흥,11D10400,4273032026
585,128.08344,37.96599,236.41,신남,11D10200,4281031021
586,127.8768,38.0322,228,북산,11D10300,4211038024
587,127.9505,38.2262,280,방산,11D10200,4280033026
588,127.64622,37.79182,93.59,남산,11D10300,4211040025
589,126.7903,37.7024,58,능곡,11B20300,4128311400
590,127.0024,37.4404,44.35,과천,11B10102,4129010500
591,128.05047,37.41553,268.45,치악산,11D10403,4213031028
592,127.7487,37.2316,52,부론,11D10400,4213035024
593,128.5407,38.0074,146.05,양양영덕,11D20100,4283031034
594,128.21,38.2533,316,서화,11D20100,4281034023
595,128.37401,38.26644,596.25,진부령,11D20100,4282025037
596,128.4933,38.0771,237,오색,11D20100,4283031033
597,128.4411,37.5455,562.81,대화,11D10500,4276033022
598,126.99048,37.83118,85.22,양주,11B20304,4163033021
599,127.16977,37.76173,101.49,광릉,11B20400,4165025025
600,127.5897,36.9737,131.98,금왕,11C10100,4377025326
601,128.3669,36.98553,184.21,단양,11C10202,4380025025
602,127.4297,36.8539,90.45,진천,11C10102,4375025000
603,127.8,36.8,127,괴산,11C10303,4376025022
604,127.59654,36.29995,117.84,옥천,11C10403,4373025028
605,127.75981,36.16314,137.14,영동,11C10402,4374025028
606,126.388,37.011,16,대산,11C20100,4421025027
607,126.15,36.6667,8,근흥,11C20100,4482533028
608,126.6453,36.6276,83,홍북,11C20104,4480031022
609,126.35183,36.34345,22.62,삽시도,11C20201,4418032028
610,126.64439,36.59263,49.27,홍성,11C20104,4480025025
611,127.2797,36.5665,28.1,세종연서,11C20404,3611036033
612,127.1379,36.4881,28.8,공주,11C20402,4415012100
614,126.7043,36.0622,8,서천,11C20202,4477031021
615,127.1083,36.2116,11.5,논산,11C20600,4423010800
616,126.618,36.889,50,당진,11C20103,4427010200
617,127.15609,36.87817,41.38,성거,11C20300,4413025333
618,126.77905,36.42371,98.12,청양,11C20502,4479025026
619,127.68454,36.94441,161.02,음성,11C10103,4377025022
620,127.9035,37.0737,63.53,엄정,11C10100,4313042022
621,128.2142,36.9732,147.26,수산,11C10200,4315033040
622,128.00794,36.83909,232.11,수안보,11C10100,4313032022
623,127.56199,36.7956,74.72,증평,11C10304,4374525031
624,127.6588,36.6294,244,상당,11C10300,4311132021
625,127.81669,36.51723,324.91,속리산,11C10300,4372031021
626,127.81559,36.37085,120.24,청산,11C10400,4373035021
627,126.29643,36.75853,40.89,태안,11C20102,4482525022
628,126.8144,36.7422,38.74,예산,11C20303,4481039021
629,127.2005,36.6908,84.49,세종전의,11C20400,3611037021
630,127.78696,37.04198,116.55,노은,11C10100,4313036027
631,126.61752,37.34782,10.18,송도,11B20200,2818510500
632,126.95032,36.55283,71.54,유구,11C20400,4415025023
633,127.0939,36.5511,72.5,정안,11C20400,4415037024
634,126.8654,36.8458,27.5,아산,11C20302,4420038027
635,126.8603,36.1319,10,양화,11C20500,4476040000
636,127.24065,36.31318,131.99,계룡,11C20403,4425032022
637,126.8054,36.894,22,신평,11C20100,4427038033
638,128.4847,37.0847,175,영춘,11C10200,4380033021
639,128.1457,36.9041,282,덕산,11C10200,4315034021
640,127.8617,36.6711,225.09,청천,11C10300,4376036047
641,127.48,36.47,113,대청,11C10300,4311135022
642,127.40608,36.3105,77.27,문화,11C20400,3014011600
643,127.49378,36.34019,91.75,세천,11C20400,3011012800
644,127.0901,36.1366,24.1,연무,11C20600,4423025331
645,126.5109,36.579,20.5,서부,11C20100,4480037000
646,126.5293,36.1741,13.1,춘장대,11C20200,4477041024
647,127.69239,36.12504,120.45,가곡,11C10400,4374039021
648,127.44404,36.42095,83.91,장동,11C20400,3023011800
649,126.7507,37.4722,31,부평,11B20201,2823710900
650,127.2772,38.2726,230,양지,11D10100,4278025928
651,127.2058,38.2772,221,외촌,11D10100,4278025025
652,127.07807,38.02648,51.9,청산,11B20402,4180032021
654,126.3079,37.25424,10.8,자월도,11B20200,2872037021
655,124.72912,37.76025,76.13,소청도,11A00103,2872034022
656,126.19223,37.67091,13.3,볼음도,11B20100,2871042024
657,126.50379,36.32388,42.31,대천항,11C20200,4418011000
658,126.12143,36.7683,69.6,만리포,11C20100,4482534027
659,127.20574,36.34299,831.67,계룡산,11C20400,4425032022
660,128.3776,37.562,531.69,면온,11D10500,4276034025
661,128.4027,38.5441,5,현내,11D20400,4282031029
662,126.29695,37.17066,13.27,승봉도,11B20200,2872036021
663,125.7869,36.92863,60.48,목덕도,11B20200,2872035026
664,126.484,37.25563,26,영흥도,11B20200,2872036022
665,126.4252,37.39044,22.85,무의도,11B20200,2811015200
666,126.16835,36.95872,26.52,안도,11C20100,4482535024
667,126.00929,36.64759,58.91,옹도,11C20100,4482533029
669,126.08165,36.22893,20.54,외연도,11C20200,4418032030
670,128.62966,38.08724,4.31,양양,11D20400,4283025027
671,128.5936,38.1909,3,청호,11D20400,4221010800
672,126.48834,35.44236,10.76,상하,21F10600,4579035021
673,128.71748,35.28222,20.56,진영,11H20300,4825025021
674,128.8214,37.2197,821,사북,11D20300,4277025622
675,127.52769,37.7898,55,남이섬,11D10300,4211040030
680,127.8441,38.21274,224.36,평화,11D10100,4279025027
681,127.81167,38.24378,210.81,원동,11D10100,4278035000
682,127.8647,38.2806,1062,임남,11D10100,4278037000
683,127.4401,36.7232,66,오창가곡,11C10300,4311425300
684,127.7762,37.9546,142,춘천신북,11D10301,4211025023
685,126.4893,33.2613,143,강정,11G00400,4913011600
686,128.1547,35.2439,22,대곡,11H20700,4817040000
688,126.939,35.269,31.3,봉산,11F20500,4671031029
690,127.14,35.34,100,풍산,11F10403,4577033021
691,126.9586,36.3824,21.87,정산,11C20500,4479033034
692,126.918,38.026,38,백학,11B20400,4180033021
693,127.4401,36.7232,66,오창,11C10300,4311425333
694,126.60936,36.70435,674.9,원효봉,11C20300,4481036029
695,127.43198,38.11619,1050.1,광덕산,11D10100,4279034022
696,129.0861,37.3466,81.79,신기,11D20300,4223036021
697,125.9183,34.2511,4,서거차도,21F20200,4690036023
698,126.2851,35.09384,25.12,해제,21F20800,4684036032
699,126.4612,34.9838,36,무안,21F20804,4684025024
700,125.96818,36.12509,52.32,어청도,21F10500,4513039023
701,127.67191,36.00398,205.78,무주,11F10302,4573025022
702,126.9944,35.94505,14.54,익산,11F10202,4514012400
703,127.4375,35.7619,351.4,진안,11F10303,4572025025
704,126.4775,35.6209,4.61,변산,21F10600,4580036022
706,126.9727,35.3102,35.3,담양,11F20504,4671025022
707,126.2084,35.058,35.08,지도,21F20803,4691025025
708,126.74525,35.12886,30.35,광산,11F20500,2920015100
709,127.4618,35.1974,30,구례,11F20600,4673025000
710,126.744,35.025,5.8,나주,11F20503,4617039022
711,126.9886,34.9297,52.21,이양,11F20500,4679034022
712,127.5101,34.9442,9.47,순천시,11F20405,4615011300
713,127.5826,34.9751,10.87,광양읍,11F20402,4623025023
714,126.0287,34.8791,4.3,자은도,21F20800,4691033029
716,126.032,34.6307,5.12,하의도,21F20800,4691037025
717,126.3096,34.4274,12,의신,21F20200,4690033028
718,126.0361,34.3328,7,상조도,21F20200,4690036030
719,126.39771,35.81181,11.45,선유도,21F10500,4513039028
720,126.5499,34.1549,27.12,보길도,11F20300,4689038023
721,127.0282,34.3391,1.38,금일,11F20300,4689025322
722,126.92875,35.13684,107.94,조선대,11F20500,2911011800
723,127.30898,34.02792,9.24,거문도,11F20400,4613036021
724,126.29776,33.9623,7.53,추자도,11G00200,4971032021
725,126.95335,33.50654,38.48,우도,11G00100,4971033022
726,126.26731,33.11705,25.5,마라도,11G00500,4972025026
727,126.39293,33.40986,422.86,유수암,11G00200,4971025342
730,126.761,35.2794,38.2,장성,11F20502,4688036022
731,126.70129,34.79984,26.41,영암,21F20802,4683025024
732,127.0922,34.762,146.32,보성,11F20404,4678025023
733,126.8919,36.0459,49,함라,11F10200,4514033025
734,127.1654,35.9064,43,완주,11F10204,4571031028
735,127.77553,35.90084,599.27,덕유산,11F10300,4573032030
736,126.784,35.8468,6,진봉,21F10500,4521041021
737,126.8778,35.8092,51,김제,21F10502,4521010700
738,126.7108,35.6094,9.7,줄포,21F10600,4580041022
739,126.5467,35.5225,9,심원,21F10600,4579039026
741,126.9843,35.0568,93.91,화순,11F20505,4679025031
742,126.3306,34.9389,10.9,운남,21F20800,4684037025
743,125.9464,34.7741,10,비금,21F20800,4691034026
744,126.4364,34.6725,1,산이,21F20200,4682041029
745,126.7048,34.6998,80,성전,11F20303,4681036023
746,126.5159,34.382,9,땅끝,11F20300,4682034026
747,126.8585,34.1834,26,청산도,11F20300,4689035021
748,127.363,34.837,1.6,벌교,11F20400,4678025300
749,127.1272,34.5348,24.8,도양,11F20400,4677025324
750,127.62556,34.6308,34.87,백야,11F20400,4613033030
751,126.70889,33.48222,252,선흘,11G00200,4971025930
752,126.3111,33.3046,187,서광,11G00400,4972031027
753,126.496,33.3931,965.2,어리목,11G00300,4911013900
754,126.5264,35.0602,11,함평,21F20101,4686025022
755,127.0853,35.1594,190.4,화순북,11F20500,4679039022
756,126.2819,35.6015,17,위도,21F10600,4580042021
757,127.436,35.9744,259.02,주천,11F10300,4572040024
758,127.57117,35.83521,320.16,동향,11F10300,4572033021
759,127.57825,35.37162,480.56,뱀사골,11F10401,4519046027
760,126.9327,35.4274,286.25,복흥,11F10400,4577037031
761,126.9346,35.6508,13.53,태인,11F10200,4518039030
762,127.1261,35.5198,169.02,강진면,11F10400,4575039025
763,127.06196,36.05923,35.86,여산,11F10200,4514039000
764,127.1414,35.6736,218.9,신덕,11F10400,4575036022
765,127.1345,34.8924,116.35,복내,11F20400,4678035021
766,127.715,34.8495,67.45,여수산단,11F20400,4613014600
767,127.3975,34.5886,12,포두,11F20400,4677035031
768,127.289,35.289,100,곡성,11F20602,4672025022
769,126.3834,35.1993,3.25,염산,21F20100,4687036029
770,126.8278,34.9474,73.27,다도,11F20500,4617042026
771,126.1446,34.7269,3.61,안좌,21F20800,4691040028
772,126.2394,34.5319,1,수유,21F20200,4690025028
773,126.636,34.7086,99.07,학산,21F20800,4683038022
774,126.4662,34.8175,10.76,전남도청,21F20800,4684031000
775,126.6447,35.1775,38.1,월야,21F20100,4686038025
776,126.5531,34.4667,22.1,현산,11F20300,4682033023
777,126.9347,34.5564,37.1,관산,11F20300,4680025326
778,126.82181,34.79595,94,유치,11F20300,4680035030
779,126.26726,33.41052,21.63,한림,11G00500,4971025024
780,126.72083,33.27996,17.22,남원,11G00400,4972025321
781,126.8777,33.5199,18,구좌,11G00100,4971025631
782,126.6195,33.3852,763.4,성판악,11G00302,4971025929
783,126.84076,35.23026,32.37,과기원,11F20500,2917014100
784,126.6126,34.8771,20.2,시종,21F20800,4683034027
785,126.6827,34.4731,22,북일,11F20300,4682036023
786,127.72,34.62,8,돌산,11F20400,4613025022
787,127.33245,34.45223,140.21,도화,11F20400,4677034022
788,126.87709,35.13434,62.99,풍암,11F20500,2914012800
789,126.2933,34.8764,12,압해도,21F20800,4691043025
790,127.4674,34.5326,136,나로도,11F20400,4677045023
791,127.58379,35.2662,413.25,피아골,11F20600,4673033027
792,126.81682,33.3536,77.2,표선면,11G00100,4972032000
793,126.25,33.21668,11.36,모슬포,11G00500,4972025022
794,127.42708,35.10138,79.58,황전,11F20600,4615033024
795,127.139,35.2753,83.9,옥과,11F20600,4672037023
796,127.24476,34.23775,38,초도,11F20400,4613036025
797,125.29953,34.39498,35.63,하태도,11F20700,4691036030
798,125.1833,34.6667,22,홍도,11F20700,4691036029
799,126.13762,35.20218,12.02,낙월도,21F20100,4687038021
800,129.431,36.6667,11,후포,11H10100,4793038023
801,129.088,36.625,215,영양,11H10403,4776025023
802,129.3401,36.7574,141.2,온정,11H10100,4793036029
803,128.8115,36.394,215,옥산,11H10502,4773033031
804,129.33798,36.19957,59.93,청하,11H10200,4711332021
805,129.09575,36.16021,223.38,죽장,11H10200,4711335024
806,128.29031,36.23337,38.37,선산,11H10600,4719025024
807,128.6931,36.1794,112,의흥,11H10600,4772035034
808,129.5667,36.0759,11,호미곶,11H10200,4711134022
809,127.96891,35.91794,235.7,대덕,11H10600,4715044028
810,128.2978,35.9253,33,성주,11H10605,4784025025
811,129.2093,35.863,33.58,황성,11H10202,4713012400
812,128.28214,35.69604,41.45,고령,11H10604,4783025033
813,128.73183,35.65405,76.29,청도,11H10704,4782025028
814,128.6611,36.9792,300,부석,11H10400,4721039024
815,128.4644,36.66002,100.89,예천,11H10303,4790025024
816,129.5475,35.9831,42.37,구룡포,11H10200,4711125028
817,129.2214,36.7827,390,수비,11H10800,4776034030
818,128.1476,36.7074,230,마성,11H10300,4728036027
819,128.8864,36.6589,207,예안,11H10500,4717041034
820,128.5267,36.5481,77,하회,11H10500,4717034033
821,128.0739,36.2819,94,공성,11H10300,4725035023
822,128.10164,36.08128,83.32,김천,11H10601,4715041021
823,128.55577,36.24934,82.41,군위,11H10603,4772025027
824,128.53896,36.086,121.63,가산,11H10700,4785033044
825,128.3835,36.0368,29.43,칠곡,11H10705,4785036029
826,128.7923,36.0441,126.24,신령,11H10700,4723032027
827,128.7428,35.8242,63,경산,11H10703,4729011700
828,128.4233,35.6906,17,달성,11H10700,2771036026
829,129.3182,35.7121,73,외동,11H10200,4713025921
830,129.1994,36.0682,45,기계,11H10200,4711334021
831,128.9976,37.0401,674,석포,11H10800,4792039022
832,128.4397,36.3869,61,안계,11H10500,4773043030
833,128.0418583,36.53821389,176,은척,11H10300,4725044024
834,127.9344,36.4412,300,화서,11H10300,4725041023
835,128.75347,36.87013,301.45,봉화읍,11H10400,4792025024
836,128.8988,36.2803,326,현서,11H10500,4775034045
837,128.6429,36.8268,188.82,이산,11H10400,4721031021
838,128.2707,36.7905,450,동로,11H10300,4728035028
839,128.8956,36.4583,130,길안,11H10500,4717039021
840,128.8144,35.9125,71,하양,11H10700,4729025021
841,128.9111,36.0849,134.4,화북,11H10700,4723034032
842,129.0109,35.7575,170.1,산내,11H10200,4713034023
843,129.2501,36.9359,226,금강송,11H10800,4793032021
844,129.3585,36.4354,23,영덕읍,11H10100,4777025021
845,128.5907,35.9084,28.05,대구북구,11H10700,2723011500
846,128.531,35.865,65,서구,11H10700,2717010500
847,128.46648,36.27626,68.29,소보,11H10600,4772031039
848,128.8953,35.6791,104,금천,11H10700,4782036000
849,128.3870472,36.54678889,80,지보,11H10300,4790040021
850,129.4906,35.7846,2.7,감포,11H10200,4713025024
851,129.35206,37.05136,75.15,소곡,11H10100,4793031030
852,129.42575,37.06063,40.95,죽변,11H10100,4793037021
853,128.62147,36.01816,571.61,팔공산,11H10700,4785032035
854,129.1337,35.4954,160,삼동,11H20100,3171040027
855,126.27354,33.16637,12.19,가파도,11G00500,4972025026
856,127.5981,35.1018,514.96,백운산,11F20400,4623032024
857,126.7173,34.3,4.43,완도읍,11F20300,4689025027
858,126.17,34.4296,37.5,지산,21F20200,4690035021
859,129.36576,35.76128,341.41,토함산,11H10200,4713031034
860,128.61903,35.88515,64.08,신암,11H10701,2714010100
861,126.7789167,33.56205555,4,월정,11G00100,5011025626
862,126.7698139,33.52793055,82,만장굴,11G00100,5011025634
863,126.45955,33.49100833,59,외도,11G00200,4911012300
864,127.15496,35.8215,53.4,완산,11F10201,4511112100
865,126.5190972,33.46269444,210,오등,11G00200,4911013400
866,126.597,33.43108333,588,용강,11G00200,4911013200
867,126.52508,33.37281,1484,삼각봉,11G00300,4911012000
868,126.4999,33.3576,1391,사제비,11G00300,4971025321
869,126.4969556,33.34858611,1238,영실,11G00300,4913011800
870,126.55572,33.36978,1489.37,진달래밭,11G00300,4972025328
871,126.51804,33.36239,1672.5,윗세오름,11G00300,4971025321
872,127.75629,35.31913,864.74,지리산,11H20700,4886036021
873,127.97023,37.2557,898.26,백운산,11D10400,4213038022
874,127.2053,38.221,206.65,동송,11D10100,4278025021
875,128.46057,38.12106,1595.71,설악산,11D20101,4283031033
876,129.1682,37.4534,67.63,삼척,11D20602,4223010600
877,127.8048,37.3134,85,문막,11D10400,4213025024
878,129.09608,37.22379,814.21,도계,11D20300,4223025032
879,128.6794,37.661,852.2,스키점프,11D20201,4276037027
880,126.3209861,33.32972222,314,금악,11G00500,5011025025
881,126.52954,35.73016,9.56,새만금,21F10500,4513039031
882,126.6042,35.25177,107.74,상무대,11F20500,4688034024
883,126.3490278,33.31258333,345,안덕,11G00400,4972031028
884,126.5176,33.2593,177.6,기상(과),11G00401,4913010300
885,126.6784,33.33147,246.3,태풍센터,11G00400,4972025323
886,126.5911,35.9504,10,군산산단,21F10500,4513015200
887,127.2902,36.5031,33.1,세종연기,11C20400,3611031025
888,127.4911,36.4629,92,청남대,11C10301,4311135032
889,126.9765,37.5004,17,현충원,11B10101,1159010700
890,126.6357611,33.31558889,276,신례,11G00400,5013025329
891,126.42275,33.28775,397,색달,11G00400,4913011900
900,129.1433,35.6202,123,두서,11H20100,3171037022
901,129.4356,35.4865,83,울기,11H20100,3117010100
902,127.8187,35.2424,186,시천,11H20700,4886036027
903,128.51486,35.40387,13.66,도천,11H20600,4874040027
904,128.9675,35.137,4.28,사상,11H20200,2653010500
905,129.0429,35.4414,84.01,양산상북,11H20102,4833033000
906,127.6428,35.2322,91,화개,11H20702,4885031000
907,128.05971,34.92895,23.18,삼천포,11H20402,4824011700
908,128.7537,35.1122,10,진해,11H20303,4812963000
909,128.73823,34.78774,111.46,서이말,11H20400,4831031024
910,129.0742,35.06608,137.94,영도,11H20200,2620012100
911,128.5772,34.648,69,매물도,11H20400,4822036028
912,127.77834,35.52627,139.44,백천,11H20501,4887025027
913,127.98535,34.72379,22.05,상주면,11H20400,4884032022
914,127.7322,35.6376,352.12,서하,11H20500,4887037025
915,128.102,35.4137,83.82,삼가,11H20500,4889043028
916,127.96692,35.3111,56.16,단성,11H20700,4886037022
917,128.06768,35.03695,23.51,사천,11H20400,4824033026
918,128.3309,34.9905,11,고성,11H20404,4882025032
919,128.47588,35.55217,24.3,창녕,11H20604,4874036025
920,128.3992,35.2963,10,함안,11H20603,4873025031
921,128.8314,34.9931,73.26,가덕도,11H20200,2644012200
922,128.9294,35.4864,138.45,단장,11H20600,4827035031
923,129.2511,35.275,65,기장,11H20200,2671031022
924,129.36029,35.35867,23.97,간절곶,11H20100,3171031025
925,128.823,35.3744,12.43,생림,11H20304,4825035025
926,128.46182,35.11489,25.58,진북,11H20300,4812533000
927,128.8838,35.5823,127,송백,11H20600,4827034021
929,128.3069,35.1136,130.1,개천,11H20400,4882038021
930,128.2375,34.8101,6,사량도,11H20400,4822037000
931,128.2759,34.6192,80,욕지도,11H20400,4822035021
932,127.7664,35.0603,8,하동,11H20700,4885025024
933,127.8324,34.9966,43,금남,11H20406,4885036027
934,127.9284,35.2217,132,수곡,11H20700,4817046022
935,128.34113,35.5698,22.15,청덕,11H20500,4889039033
936,128.20227,35.33264,61.9,신포,11H20602,4872032023
937,129.16236,35.1761,62.98,해운대,11H20200,2635010500
938,129.0192,35.1589,114,부산진,11H20200,2623011100
939,129.1035,35.2932,53.11,금정구,11H20200,2641010100
940,129.0901,35.20919,71.5,동래,11H20200,2626010500
941,129.0026,35.213,5.52,북구,11H20200,2632010400
942,129.10445,35.13501,14.86,대연,11H20200,2629010600
943,129.3753,35.66722,473,매곡,11H20100,3120010300
944,128.5706,35.3853,23,길곡,11H20600,4874041021
945,127.99,35.5345,226.87,대병,11H20500,4889045026
946,127.8183,35.7798,324.91,북상,11H20500,4888034022
947,128.5908,34.722,31,명사,11H20400,4831033022
948,127.8358,35.3106,139.4,삼장,11H20700,4886035025
949,129.441,35.6375,8,정자,11H20100,3120011800
950,128.9838,35.0901,127,사하,11H20200,2638010400
951,126.90733,35.50866,107.77,내장산,11F10200,4518011900
953,128.6796,34.9985,33,장목,11H20400,4831039026
954,129.3601,35.431,59.44,온산,11H20100,3171025030
955,126.3933333,37.325,11,서수도,11B20200,2872037000
956,125.9763889,36.76972222,17,가대암,11C20100,4482533000
957,126.225,35.98666667,91,십이동파,21F10500,4513039022
958,126.245,35.61333333,14,갈매여,21F10600,4580042000
959,126.0266667,34.26333333,14,해수서,21F20200,4690036000
960,126.6541667,33.22555556,22,지귀도,11G00400,4972025327
961,127.95,34.33,10.9,간여암,11F20400,4613034026
962,129.1358,35.1317,10,광안,11H20200,2650010400
963,129.475,35.5667,16,이덕서,11H20100,3117000000
966,126.3856,37.1161,38,풍도,11B20200,4127013300
967,126.6128,37.1189,70,도리도,11B20200,4159035032
968,129.045,35.081,78.58,남항,11H20200,2620011400
969,129.127,35.091,37.72,북항,11H20200,2629010700